text: "kernel void A(global double* a, global double* b, global uint* c) {\n  int d = get_global_id(0);\n  int e = get_global_id(0);\n  unsigned int e = get_global_id(1);\n\n  if (e < d) {\n    int l = h * get_local_id(0); m < a * (float)r.x * 0.629993938284028826438882282872874442e-02, 1.1000028984723843442828455265e-03, 1.86312643422863104713666661686361337f * g + 0.38903984929243013379957563765637f * a[1] - 1);\n}\n\nint C(int a, global int* b, global int* c) {\n  unsigned int f = d + a * e;\n  unsigned int f "
sample_time_ms: 3576
wall_time_ms: 0
sample_start_epoch_ms_utc: 1537670265208
num_tokens: 500
