text: "kernel void A(global double* a, global double* b, global double* c, global double* d, global double* e) {\n  size_t f = get_global_id(0);\n  int g = get_global_id(0);\n  e < (f.y + g.z);\n\n  if (d == 0) {\n    int m = 0 * (float)x.s6 + (at.y) % 3.0;\n    p.s3 & e.s0 + q.s3 + q.s3 + q.s3 + q.s3 + o.s3 + o.s6 + o.z;\n    z.s2 = 0.0f * 3.058539993342458585854596485-534447607e-02, 1.434427400426953469563445159975e-02, 1.583086432384377853463977088453455e-02, 1.38433164774266641663616331634]666eppor3313.351"
sample_time_ms: 2688
wall_time_ms: 0
sample_start_epoch_ms_utc: 1537665957536
num_tokens: 500
